2.125918	268435456	1
2.197398	268435456	2
2.318033	268435456	3
2.247952	268435456	4
2.127495	268435456	5
1.982091	268435456	6
1.856917	268435456	7
1.759563	268435456	8
1.666103	268435456	9
1.581375	268435456	10
1.469977	268435456	11
1.348797	268435456	12
1.289582	268435456	13
1.215083	268435456	14
1.147474	268435456	15
1.097042	268435456	16
1.094095	268435456	17
1.070015	268435456	18
0.989185	268435456	19
1.029564	268435456	20
2.123052	134217728	1
2.217610	134217728	2
2.332023	134217728	3
2.292762	134217728	4
2.145489	134217728	5
2.003802	134217728	6
1.876664	134217728	7
1.773133	134217728	8
1.633238	134217728	9
1.609794	134217728	10
1.480566	134217728	11
1.362345	134217728	12
1.313659	134217728	13
1.238522	134217728	14
1.182733	134217728	15
1.126195	134217728	16
1.109954	134217728	17
1.093048	134217728	18
1.062485	134217728	19
1.052335	134217728	20
2.136555	67108864	1
2.212960	67108864	2
2.318239	67108864	3
2.282355	67108864	4
2.163788	67108864	5
1.988771	67108864	6
1.864880	67108864	7
1.725734	67108864	8
1.677537	67108864	9
1.572813	67108864	10
1.450531	67108864	11
1.326111	67108864	12
1.210264	67108864	13
1.164412	67108864	14
1.093333	67108864	15
1.036509	67108864	16
1.068151	67108864	17
1.072444	67108864	18
1.054599	67108864	19
1.052943	67108864	20
2.138027	33554432	1
2.202831	33554432	2
2.251936	33554432	3
2.025138	33554432	4
1.794549	33554432	5
1.638246	33554432	6
1.471483	33554432	7
1.444238	33554432	8
1.261215	33554432	9
1.211890	33554432	10
1.224716	33554432	11
1.186495	33554432	12
1.020888	33554432	13
0.945335	33554432	14
0.902069	33554432	15
0.881687	33554432	16
0.939806	33554432	17
0.936850	33554432	18
0.948403	33554432	19
0.970523	33554432	20
2.147501	16777216	1
2.279413	16777216	2
2.219165	16777216	3
2.232580	16777216	4
2.052511	16777216	5
2.008137	16777216	6
2.071111	16777216	7
1.751767	16777216	8
1.742280	16777216	9
1.807794	16777216	10
1.592562	16777216	11
1.724833	16777216	12
1.738028	16777216	13
1.430228	16777216	14
1.218612	16777216	15
1.194644	16777216	16
1.737485	16777216	17
1.663686	16777216	18
1.881052	16777216	19
1.908213	16777216	20
2.088022	8388608	1
2.105307	8388608	2
2.019774	8388608	3
2.106812	8388608	4
2.173833	8388608	5
2.180512	8388608	6
2.209368	8388608	7
2.285580	8388608	8
2.300741	8388608	9
2.322277	8388608	10
2.158121	8388608	11
2.291246	8388608	12
2.336352	8388608	13
2.362236	8388608	14
2.364991	8388608	15
2.390407	8388608	16
2.375310	8388608	17
2.384850	8388608	18
2.296527	8388608	19
2.377088	8388608	20
2.068325	4194304	1
2.092018	4194304	2
2.085131	4194304	3
2.091618	4194304	4
2.124993	4194304	5
2.135775	4194304	6
2.210423	4194304	7
2.254430	4194304	8
2.317200	4194304	9
2.333771	4194304	10
2.338919	4194304	11
2.342033	4194304	12
2.351812	4194304	13
2.366566	4194304	14
2.386610	4194304	15
2.142084	4194304	16
2.374963	4194304	17
2.392411	4194304	18
2.383751	4194304	19
2.390459	4194304	20
2.067215	2097152	1
2.095325	2097152	2
2.093027	2097152	3
2.089788	2097152	4
2.145707	2097152	5
2.158148	2097152	6
2.205387	2097152	7
2.254537	2097152	8
2.308186	2097152	9
2.331592	2097152	10
2.186579	2097152	11
2.311544	2097152	12
2.332177	2097152	13
2.358212	2097152	14
2.387344	2097152	15
2.394621	2097152	16
2.314856	2097152	17
2.395116	2097152	18
2.394585	2097152	19
2.394816	2097152	20
2.074593	1048576	1
2.095023	1048576	2
2.093491	1048576	3
2.081764	1048576	4
2.116922	1048576	5
2.101692	1048576	6
2.113733	1048576	7
2.120083	1048576	8
2.166422	1048576	9
2.154271	1048576	10
2.167167	1048576	11
2.174089	1048576	12
2.189797	1048576	13
2.199518	1048576	14
2.226558	1048576	15
2.224198	1048576	16
2.213688	1048576	17
2.219454	1048576	18
2.204786	1048576	19
2.210846	1048576	20
2.071114	524288	1
2.073776	524288	2
2.084993	524288	3
2.093534	524288	4
2.096930	524288	5
2.103792	524288	6
2.107547	524288	7
2.109302	524288	8
2.133143	524288	9
2.164568	524288	10
2.165470	524288	11
2.167485	524288	12
2.188226	524288	13
2.189232	524288	14
2.212012	524288	15
2.222614	524288	16
2.227197	524288	17
2.228368	524288	18
2.214607	524288	19
2.223033	524288	20
2.070991	262144	1
2.083816	262144	2
2.100202	262144	3
2.104020	262144	4
2.095276	262144	5
2.098665	262144	6
2.082351	262144	7
2.122830	262144	8
2.128855	262144	9
2.160554	262144	10
2.156261	262144	11
2.171040	262144	12
2.190549	262144	13
2.196879	262144	14
2.191348	262144	15
2.225482	262144	16
2.216473	262144	17
2.243568	262144	18
2.224964	262144	19
2.238982	262144	20
2.052747	131072	1
2.077013	131072	2
2.099270	131072	3
2.107674	131072	4
2.111818	131072	5
2.122729	131072	6
2.138419	131072	7
2.084478	131072	8
2.031952	131072	9
2.001680	131072	10
2.014030	131072	11
2.022218	131072	12
2.002781	131072	13
2.013333	131072	14
1.977370	131072	15
2.041874	131072	16
2.002597	131072	17
1.992611	131072	18
1.993642	131072	19
1.999085	131072	20
2.075303	65536	1
2.091396	65536	2
2.109202	65536	3
2.117617	65536	4
2.114373	65536	5
2.123250	65536	6
2.142824	65536	7
2.145626	65536	8
2.166964	65536	9
2.185791	65536	10
2.188464	65536	11
2.173965	65536	12
2.234486	65536	13
2.240785	65536	14
2.222279	65536	15
2.222463	65536	16
2.221902	65536	17
2.237246	65536	18
2.264609	65536	19
2.218009	65536	20
2.054291	32768	1
2.150696	32768	2
2.241330	32768	3
2.162048	32768	4
2.272191	32768	5
2.348817	32768	6
2.321925	32768	7
2.222463	32768	8
2.295082	32768	9
2.300562	32768	10
2.341195	32768	11
2.345361	32768	12
2.335496	32768	13
2.303150	32768	14
2.320935	32768	15
2.321995	32768	16
2.324487	32768	17
2.327366	32768	18
2.304813	32768	19
2.310296	32768	20
2.110252	16384	1
2.153523	16384	2
2.227162	16384	3
2.341910	16384	4
2.313559	16384	5
2.321429	16384	6
2.337662	16384	7
2.321995	16384	8
2.327366	16384	9
2.323404	16384	10
2.319315	16384	11
2.317487	16384	12
2.320442	16384	13
2.303150	16384	14
2.284519	16384	15
2.306306	16384	16
2.287411	16384	17
2.303797	16384	18
2.292553	16384	19
2.281337	16384	20