2.108416	268435456	1
2.229298	268435456	2
2.282019	268435456	3
2.263834	268435456	4
2.154134	268435456	5
1.993878	268435456	6
1.870527	268435456	7
1.778124	268435456	8
1.692054	268435456	9
1.597320	268435456	10
1.475436	268435456	11
1.344293	268435456	12
1.279751	268435456	13
1.209813	268435456	14
1.173505	268435456	15
1.113167	268435456	16
1.102948	268435456	17
1.087324	268435456	18
1.054648	268435456	19
1.041870	268435456	20
2.123496	134217728	1
2.208702	134217728	2
2.270177	134217728	3
2.272641	134217728	4
2.152839	134217728	5
2.010710	134217728	6
1.881986	134217728	7
1.800475	134217728	8
1.715882	134217728	9
1.640131	134217728	10
1.500893	134217728	11
1.349562	134217728	12
1.295131	134217728	13
1.233207	134217728	14
1.189210	134217728	15
1.125901	134217728	16
1.105122	134217728	17
1.096405	134217728	18
1.075982	134217728	19
1.074619	134217728	20
2.134129	67108864	1
2.226765	67108864	2
2.269035	67108864	3
2.248559	67108864	4
2.142143	67108864	5
1.971136	67108864	6
1.855082	67108864	7
1.720613	67108864	8
1.604520	67108864	9
1.520257	67108864	10
1.303210	67108864	11
1.277074	67108864	12
1.091503	67108864	13
0.980844	67108864	14
1.035685	67108864	15
0.959518	67108864	16
1.037140	67108864	17
1.059000	67108864	18
1.056561	67108864	19
1.044971	67108864	20
2.119815	33554432	1
2.237852	33554432	2
2.173126	33554432	3
1.972878	33554432	4
1.808479	33554432	5
1.634079	33554432	6
1.491070	33554432	7
1.364695	33554432	8
1.283784	33554432	9
1.200232	33554432	10
1.142447	33554432	11
1.073279	33554432	12
1.009604	33554432	13
0.968158	33554432	14
0.937042	33554432	15
0.885300	33554432	16
0.915047	33554432	17
0.938464	33554432	18
0.949478	33554432	19
1.005750	33554432	20
2.122488	16777216	1
2.294293	16777216	2
2.217805	16777216	3
2.170829	16777216	4
2.069420	16777216	5
1.890855	16777216	6
1.872987	16777216	7
1.730092	16777216	8
1.718417	16777216	9
1.695949	16777216	10
1.630774	16777216	11
1.592571	16777216	12
1.570162	16777216	13
1.498433	16777216	14
1.466799	16777216	15
1.379811	16777216	16
1.634368	16777216	17
1.661471	16777216	18
1.809890	16777216	19
1.914624	16777216	20
2.077301	8388608	1
2.104354	8388608	2
2.096732	8388608	3
2.116896	8388608	4
2.129052	8388608	5
2.150088	8388608	6
2.217368	8388608	7
2.243903	8388608	8
2.251478	8388608	9
2.319798	8388608	10
2.335753	8388608	11
2.346341	8388608	12
2.344399	8388608	13
2.347797	8388608	14
2.365061	8388608	15
2.357887	8388608	16
2.380341	8388608	17
2.371681	8388608	18
2.379157	8388608	19
2.377748	8388608	20
2.067380	4194304	1
2.091196	4194304	2
2.084922	4194304	3
2.086963	4194304	4
2.133738	4194304	5
2.177692	4194304	6
2.190456	4194304	7
2.219331	4194304	8
2.298016	4194304	9
2.322824	4194304	10
2.344456	4194304	11
2.342567	4194304	12
2.343731	4194304	13
2.349767	4194304	14
2.363532	4194304	15
2.375031	4194304	16
2.366420	4194304	17
2.375799	4194304	18
2.374648	4194304	19
2.378638	4194304	20
2.066064	2097152	1
2.100479	2097152	2
2.102893	2097152	3
2.124783	2097152	4
2.236721	2097152	5
2.172163	2097152	6
2.286027	2097152	7
2.311655	2097152	8
2.295702	2097152	9
2.320267	2097152	10
2.342023	2097152	11
2.304777	2097152	12
2.344140	2097152	13
2.351253	2097152	14
2.335616	2097152	15
2.352840	2097152	16
2.380797	2097152	17
2.384283	2097152	18
2.385219	2097152	19
2.386042	2097152	20
2.102648	1048576	1
2.076783	1048576	2
2.093754	1048576	3
2.090546	1048576	4
2.127812	1048576	5
2.154550	1048576	6
2.108288	1048576	7
2.121524	1048576	8
2.159635	1048576	9
2.222441	1048576	10
2.195366	1048576	11
2.208264	1048576	12
2.216089	1048576	13
2.230103	1048576	14
2.253328	1048576	15
2.251245	1048576	16
2.232599	1048576	17
2.268105	1048576	18
2.268404	1048576	19
2.245503	1048576	20
2.075287	524288	1
2.076569	524288	2
2.078298	524288	3
2.114986	524288	4
2.127435	524288	5
2.113102	524288	6
2.183042	524288	7
2.134584	524288	8
2.155400	524288	9
2.149129	524288	10
2.163701	524288	11
2.216304	524288	12
2.196688	524288	13
2.200552	524288	14
2.216079	524288	15
2.215551	524288	16
2.234621	524288	17
2.236753	524288	18
2.215852	524288	19
2.196397	524288	20
2.077310	262144	1
2.075698	262144	2
2.090155	262144	3
2.087001	262144	4
2.084695	262144	5
2.117892	262144	6
2.132752	262144	7
2.123518	262144	8
2.139175	262144	9
2.146226	262144	10
2.164094	262144	11
2.174930	262144	12
2.193169	262144	13
2.204380	262144	14
2.207960	262144	15
2.211365	262144	16
2.070632	262144	17
2.207853	262144	18
2.221739	262144	19
2.206566	262144	20
2.073071	131072	1
2.082557	131072	2
2.093335	131072	3
2.117206	131072	4
2.111138	131072	5
2.112465	131072	6
2.100987	131072	7
2.136393	131072	8
2.153653	131072	9
2.167163	131072	10
2.156171	131072	11
2.199356	131072	12
2.208060	131072	13
2.221642	131072	14
2.236499	131072	15
2.212858	131072	16
2.229612	131072	17
2.248610	131072	18
2.235981	131072	19
2.250343	131072	20
2.096749	65536	1
2.087932	65536	2
2.100683	65536	3
2.101591	65536	4
2.107913	65536	5
2.167924	65536	6
2.117142	65536	7
2.176986	65536	8
2.161817	65536	9
2.163420	65536	10
2.194915	65536	11
2.222629	65536	12
2.230531	65536	13
2.225868	65536	14
2.239364	65536	15
2.239475	65536	16
2.242583	65536	17
2.240000	65536	18
2.225161	65536	19
2.195710	65536	20
2.100244	32768	1
2.113519	32768	2
2.107274	32768	3
2.229722	32768	4
2.161280	32768	5
2.143250	32768	6
2.264635	32768	7
2.182206	32768	8
2.348387	32768	9
2.318471	32768	10
2.339356	32768	11
2.323404	32768	12
2.342007	32768	13
2.321429	32768	14
2.208291	32768	15
2.337900	32768	16
2.313325	32768	17
2.327366	32768	18
2.314094	32768	19
2.323404	32768	20
2.106996	16384	1
2.120083	16384	2
2.253818	16384	3
2.254265	16384	4
2.325053	16384	5
2.323404	16384	6
2.330677	16384	7
2.321995	16384	8
2.321429	16384	9
2.333333	16384	10
2.294299	16384	11
2.313559	16384	12
2.299270	16384	13
2.307692	16384	14
2.313559	16384	15
2.301124	16384	16
2.298329	16384	17
2.275000	16384	18
2.274406	16384	19
2.287709	16384	20
