2.497749	268435456	1
2.319612	268435456	2
2.198644	268435456	3
2.063913	268435456	4
1.994150	268435456	5
1.861677	268435456	6
1.756626	268435456	7
1.674920	268435456	8
1.582197	268435456	9
1.456070	268435456	10
1.433457	268435456	11
1.330824	268435456	12
1.312752	268435456	13
1.228239	268435456	14
1.218561	268435456	15
1.174391	268435456	16
1.103476	268435456	17
1.055540	268435456	18
0.979208	268435456	19
0.898849	268435456	20
2.441667	134217728	1
2.279057	134217728	2
2.183258	134217728	3
2.066933	134217728	4
1.974149	134217728	5
1.827283	134217728	6
1.742951	134217728	7
1.662461	134217728	8
1.572392	134217728	9
1.501105	134217728	10
1.447495	134217728	11
1.374946	134217728	12
1.284138	134217728	13
1.198628	134217728	14
1.140135	134217728	15
1.118424	134217728	16
1.048691	134217728	17
0.975348	134217728	18
0.965962	134217728	19
0.917537	134217728	20
2.475061	67108864	1
2.295664	67108864	2
2.232962	67108864	3
2.079590	67108864	4
1.822615	67108864	5
1.615819	67108864	6
1.702963	67108864	7
1.611359	67108864	8
1.586667	67108864	9
1.505990	67108864	10
1.442947	67108864	11
1.333583	67108864	12
1.243391	67108864	13
1.190667	67108864	14
1.117754	67108864	15
1.154749	67108864	16
1.031444	67108864	17
0.990084	67108864	18
0.952031	67108864	19
0.920892	67108864	20
2.464313	33554432	1
2.300571	33554432	2
2.114952	33554432	3
2.083616	33554432	4
1.976079	33554432	5
1.804400	33554432	6
1.757467	33554432	7
1.688518	33554432	8
1.590646	33554432	9
1.451562	33554432	10
1.424480	33554432	11
1.352347	33554432	12
1.274350	33554432	13
1.266624	33554432	14
1.152083	33554432	15
1.094765	33554432	16
1.032843	33554432	17
1.040882	33554432	18
0.971905	33554432	19
0.933726	33554432	20
2.422680	16777216	1
2.331187	16777216	2
2.218039	16777216	3
2.111930	16777216	4
1.976178	16777216	5
1.837446	16777216	6
1.705053	16777216	7
1.643436	16777216	8
1.554791	16777216	9
1.491700	16777216	10
1.439773	16777216	11
1.396202	16777216	12
1.275630	16777216	13
1.223524	16777216	14
1.235440	16777216	15
1.167040	16777216	16
1.080770	16777216	17
1.032042	16777216	18
0.965345	16777216	19
0.961338	16777216	20
2.516007	8388608	1
2.388292	8388608	2
2.271411	8388608	3
2.171956	8388608	4
2.037424	8388608	5
1.931788	8388608	6
1.800290	8388608	7
1.644516	8388608	8
1.640264	8388608	9
1.576070	8388608	10
1.547201	8388608	11
1.467187	8388608	12
1.341875	8388608	13
1.314604	8388608	14
1.196832	8388608	15
1.190308	8388608	16
1.184067	8388608	17
1.217496	8388608	18
1.101290	8388608	19
1.065579	8388608	20
2.494230	4194304	1
2.507634	4194304	2
2.477778	4194304	3
2.424481	4194304	4
2.521113	4194304	5
2.463074	4194304	6
2.459884	4194304	7
2.168800	4194304	8
2.226989	4194304	9
2.187334	4194304	10
2.230216	4194304	11
2.109079	4194304	12
2.234026	4194304	13
2.124728	4194304	14
2.014162	4194304	15
2.206265	4194304	16
1.783828	4194304	17
1.905080	4194304	18
1.797962	4194304	19
2.005326	4194304	20
2.616292	2097152	1
2.581599	2097152	2
2.546463	2097152	3
2.516127	2097152	4
2.533616	2097152	5
2.504712	2097152	6
2.376609	2097152	7
2.428249	2097152	8
2.393541	2097152	9
2.333278	2097152	10
2.314612	2097152	11
2.191840	2097152	12
2.150318	2097152	13
2.211925	2097152	14
2.172380	2097152	15
2.171756	2097152	16
2.126840	2097152	17
2.111111	2097152	18
2.122983	2097152	19
1.963688	2097152	20
2.639394	1048576	1
2.626022	1048576	2
2.609642	1048576	3
2.593585	1048576	4
2.561154	1048576	5
2.534509	1048576	6
2.491990	1048576	7
2.438776	1048576	8
2.360134	1048576	9
2.243074	1048576	10
2.256694	1048576	11
2.212457	1048576	12
2.371138	1048576	13
2.174044	1048576	14
2.206737	1048576	15
2.034079	1048576	16
1.750482	1048576	17
2.238128	1048576	18
2.116754	1048576	19
1.888005	1048576	20
2.602042	524288	1
2.522896	524288	2
2.512898	524288	3
2.489544	524288	4
2.524910	524288	5
2.543769	524288	6
2.435470	524288	7
2.388599	524288	8
2.204670	524288	9
2.429697	524288	10
2.175950	524288	11
2.296452	524288	12
2.316560	524288	13
2.287241	524288	14
2.201562	524288	15
2.240853	524288	16
2.203802	524288	17
1.836854	524288	18
2.187569	524288	19
2.208983	524288	20
2.591226	262144	1
2.495089	262144	2
2.568217	262144	3
2.451869	262144	4
2.634705	262144	5
2.620247	262144	6
2.566934	262144	7
2.533674	262144	8
2.503180	262144	9
2.468129	262144	10
2.437455	262144	11
2.401605	262144	12
2.358914	262144	13
2.333500	262144	14
2.324245	262144	15
2.318053	262144	16
2.310112	262144	17
1.725065	262144	18
2.175154	262144	19
2.252449	262144	20
2.528834	131072	1
2.704300	131072	2
2.488891	131072	3
2.676687	131072	4
2.654851	131072	5
2.641156	131072	6
2.609617	131072	7
2.581784	131072	8
2.548652	131072	9
2.497523	131072	10
2.426680	131072	11
2.406257	131072	12
2.145563	131072	13
2.379766	131072	14
2.354621	131072	15
2.414383	131072	16
2.380364	131072	17
2.388780	131072	18
2.356679	131072	19
2.318005	131072	20
2.623434	65536	1
2.706981	65536	2
2.697247	65536	3
1.557859	65536	4
2.607839	65536	5
2.595532	65536	6
2.631254	65536	7
2.216450	65536	8
2.478216	65536	9
2.470034	65536	10
2.440393	65536	11
2.466576	65536	12
2.423558	65536	13
2.405447	65536	14
2.331377	65536	15
2.363531	65536	16
2.429112	65536	17
2.428286	65536	18
2.434016	65536	19
2.432071	65536	20
2.713257	32768	1
2.634931	32768	2
2.643272	32768	3
1.834304	32768	4
2.639146	32768	5
2.635618	32768	6
2.693326	32768	7
2.696511	32768	8
2.682388	32768	9
2.676471	32768	10
2.675651	32768	11
2.668622	32768	12
2.644281	32768	13
2.644068	32768	14
2.631325	32768	15
2.576101	32768	16
2.003119	32768	17
2.520776	32768	18
2.592481	32768	19
2.591772	32768	20
2.083683	16384	1
2.729757	16384	2
2.719622	16384	3
2.723404	16384	4
2.707438	16384	5
2.711023	16384	6
2.638106	16384	7
2.553616	16384	8
2.688331	16384	9
2.685246	16384	10
2.682883	16384	11
2.676471	16384	12
2.669492	16384	13
2.671233	16384	14
2.663415	16384	15
2.666667	16384	16
2.178733	16384	17
2.645349	16384	18
2.612121	16384	19
2.616613	16384	20